$ANSIBLE_VAULT;1.1;AES256
62353631356234366133373061303531303732636431663764386133303762653266373161616532
3836303965626463626363343332656264633766306136630a306163333032333630623135636563
62396136363933303665646366623364356466303238623631343163383762366166356232663338
3838313265313236630a306531333937393934633863306538643164363365343935623734623638
34303462656332646636303866373065666430663862313062653133653433313833393038633366
31323835326562383431356662363932623937323533343332393339346335623933386636373162
64623966623663343232646164663635353536613031636265393764306537653037643139623433
30656632316634353434633334383237333133333039333734366435643339396439353462613662
30343732623234353061636664313432346461616236313364353232316339353866383133313962
30616532626466656336313332323936363361343862323035366161646434663535326437326330
36613564616132643435323430333839326233326663326139653631313164653365393633626665
65303833653137636362666134353766343937326432656530313066633635646163396662643038
3763
